104
120
112
186
117
106
101
107
123
112
101
101
102
100
108
102
103
102
102
110
101
103
100
112
101
101
100
99
100
102
101
108
111
101
101
101
101
101
110
101
105
101
100
105
106
117
103
101
102
101
110
141
120
103
117
102
100
100
111
101
101
128
112
110
101
134
105
102
121
109
129
101
101
101
100
103
102
104
141
146
142
141
140
141
145
141
140
141
141
141
141
158
101
102
101
101
101
101
101
101
102
101
102
100
101
101
101
392
234
308
315
268
502
477
217
101
105
101
99
99
99
99
99
99
99
99
99
99
99
99
99
123
316
475
266
138
478
112
103
160
105
102
104
103
99
103
141
102
147
110
100
111
101
102
101
110
104
101
102
102
101
102
101
120
103
101
103
101
103
101
147
101
100
100
102
112
99
103
101
104
101
99
101
102
102
106
140
102
100
107
111
118
114
108
103
101
113
100
113
101
102
102
101
99
103
105
133
113
103
102
103
102
101
100
100
102
102
101
124
101
103
101
101
100
102
107
103
111
107
99
103
101
107
111
99
103
104
119
155
107
114
112
111
102
111
214
102
104
101
102
101
103
99
109
101
128
133
106
101
101
140
99
101
110
101
100
101
101
101
101
99
101
101
101
101
103
101
101
101
102
101
100
99
100
101
101
101
101
101
102
101
99
99
101
101
101
110
101
101
118
101
99
101
100
102
101
101
110
102
101
100
101
101
101
110
101
101
101
101
102
101
101
101
101
101
101
101
101
100
101
101
101
101
101
101
101
101
100
101
113
100
102
101
101
101
116
101
100
101
102
101
101
101
101
101
100
101
101
101
101
100
112
101
101
100
101
102
101
101
101
102
113
103
101
112
101
111
100
101
101
104
103
100
101
101
101
101
100
101
101
101
100
123
101
101
101
101
101
100
102
101
101
101
101
99
99
100
101
102
101
101
101
101
101
101
101
101
110
101
101
101
101
101
110
100
101
101
101
101
100
101
101
101
101
100
101
101
99
100
100
99
99
101
103
101
101
101
101
99
99
101
101
101
101
102
101
101
101
99
101
101
102
101
101
101
101
101
99
101
101
101
101
101
111
101
101
108
110
101
101
101
101
101
101
101
101
101
102
101
101
101
106
117
101
99
102
101
101
101
101
101
101
101
99
101
101
101
99
101
101
101
101
99
101
101
100
102
101
101
101
101
101
101
101
103
99
101
101
101
101
101
101
103
102
99
101
101
101
101
101
101
101
101
100
101
101
101
106
101
103
102
101
100
101
101
101
101
101
101
101
101
100
101
101
101
101
102
102
101
101
100
101
101
101
101
101
101
101
101
102
101
103
100
100
102
102
101
101
100
103
101
99
101
101
101
101
101
99
104
101
100
101
101
101
101
102
100
101
101
102
101
101
101
111
110
100
101
101
102
104
101
101
101
101
100
101
101
101
101
101
102
101
101
100
101
101
101
101
102
101
100
101
100
101
100
101
101
101
101
101
101
100
101
101
111
100
101
102
101
101
100
101
105
100
100
101
101
101
102
100
103
101
101
100
101
101
101
101
100
101
101
101
101
102
101
102
101
100
101
102
101
101
101
101
101
101
100
101
101
101
101
101
100
101
101
100
102
101
112
100
100
101
101
101
99
101
101
101
100
100
109
101
101
100
101
99
101
101
101
101
101
102
100
101
112
115
101
101
109
101
101
100
101
101
101
101
101
101
102
101
100
101
102
99
101
100
101
101
101
100
101
101
101
102
101
100
101
101
100
102
101
101
101
101
101
101
102
100
101
101
101
101
101
101
106
101
100
101
101
101
102
101
101
101
101
100
101
101
101
100
105
101
101
101
101
101
115
100
100
101
101
101
101
101
101
101
101
100
101
101
101
100
100
101
102
101
100
101
101
101
100
99
101
101
99
100
101
101
100
100
101
102
101
101
100
101
101
101
100
101
101
101
100
100
101
101
101
104
102
101
100
111
100
101
100
101
100
101
101
100
101
100
101
101
101
101
101
101
101
101
100
101
101
101
101
101
101
101
101
100
101
101
102
101
100
101
101
101
100
101
101
101
101
101
101
102
101
100
101
102
101
100
101
101
101
104
100
101
104
101
101
101
101
101
101
100
102
101
101
101
102
101
101
101
101
101
99
101
103
99
99
101
101
112
101
101
101
102
100
100
101
101
101
101
101
101
101
100
101
101
101
100
101
101
102
101
100
101
101
99
100
101
101
101
99
100
101
101
99
100
101
102
99
101
101
101
99
103
100
101
101
101
99
101
101
103
101
99
102
101
101
99
101
103
101
101
100
101
101
101
100
103
101
101
99
100
101
101
102
101
101
102
101
101
100
101
101
101
101
102
101
101
102
99
101
101
102
101
101
101
102
101
100
101
101
101
100
101
101
101
99
100
101
102
101
100
101
102
101
101
100
101
101
101
109
100
99
101
103
100
102
101
101
100
100
101
103
101
100
101
101
101
99
101
101
101
101
99
101
101
101
101
101
101
101
101
100
101
101
101
100
101
101
101
102
100
101
101
101
101
101
101
101
101
100
101
104
101
100
99
101
101
101
99
101
102
101
100
101
101
101
101
100
105
99
101
100
109
101
101
101
100
102
101
101
100
101
101
101
101
100
101
101
101
100
102
101
101
100
103
101
101
99
100
101
101
101
99
102
101
101
101
100
102
101
101
101
102
101
101
101
100
101
101
99
100
101
101
99
101
102
101
101
102
100
101
101
101
103
100
101
101
101
100
101
101
103
101
102
101
102
101
100
101
103
101
101
100
101
101
101
101
99
101
101
101
100
102
101
101
101
100
101
111
101
103
101
101
101
101
101
101
101
101
101
100
101
101
102
101
101
99
101
101
100
103
101
101
100
101
101
102
101
111
101
101
101
99
101
101
101
99
100
102
101
102
101
101
103
101
100
101
99
101
101
101
101
101
99
100
100
101
99
101
101
101
101
101
99
100
101
101
99
101
101
101
101
100
99
101
101
101
102
101
101
101
100
100
101
101
103
101
101
99
101
100
100
101
105
100
101
101
101
102
100
101
103
101
101
100
101
101
102
101
101
101
102
99
101
101
101
101
101
99
101
101
100
99
101
102
101
101
101
102
101
100
101
101
101
101
101
101
101
101
101
101
102
103
99
101
101
101
99
101
101
103
101
100
99
101
101
101
102
106
101
101
101
100
99
100
101
103
101
101
101
100
101
102
101
101
101
101
101
101
100
101
99
101
101
100
101
101
101
100
101
101
99
102
100
101
99
101
101
101
102
99
101
100
104
109
101
100
